camera_matrix:
- - 534.9681530430366
  - 0.0
  - 305.39166889960603
- - 0.0
  - 713.1386199148463
  - 255.72950392809662
- - 0.0
  - 0.0
  - 1.0
dist_coefs:
- - -0.16161169421208624
  - 0.24648910664734525
  - 0.004137344187593899
  - -0.0016340908890220367
  - -0.43766632091131
rms: 0.33474366664469807
